66155.925095,59.017015,8106.532131
34415.153966,48.117153,6564.745018
57317.170063,63.108049,8020.953296
42709.534201,45.751972,6103.642260
66952.688845,18.584336,8770.099235
24904.064140,57.471607,15.498598
48430.359613,26.809132,5722.581981
24500.141984,32.897548,2971.003310
40654.892537,55.496853,4755.825280
25075.872771,39.776378,1409.230371
64131.415372,25.679575,4351.028971
59436.847123,60.471936,9254.244538
61050.346079,26.355044,5893.264659
27267.995458,61.576776,4759.787581
63061.960174,39.201553,1850.369377
50501.726689,40.927700,3977.287432
43548.654711,39.574530,3935.544453
43378.175194,60.848318,3277.737553
20542.365073,61.690571,3157.442290
58887.357549,26.076093,4965.516066
23000.784002,31.761354,1148.118057
32197.620701,40.927700,4244.057136
23329.319414,48.576975,222.622299
27845.800894,51.970624,4959.921226
65301.984029,48.840922,5465.267886
47451.630123,27.031741,5361.282716
63287.038908,40.927700,9595.286289
45727.459870,55.839922,6376.822949
59417.805406,40.927700,2082.625938
58842.891308,54.510948,10871.186790
48528.852796,40.927700,6155.784670
23526.302555,40.927700,2862.010139
67252.900607,38.131907,4221.303157
58886.851294,38.661504,7271.552032
57584.973790,36.672021,1728.423755
26289.972307,20.666779,341.146966
25952.381471,58.185017,2109.200772
32464.091880,50.225006,4326.705073
60921.063104,18.840526,968.836383
26578.536693,32.676044,3489.843136
66260.121558,32.896693,7035.589107
58787.455240,62.641303,4167.786724
62545.708711,49.040433,4362.905812
24381.953448,25.252331,4227.018986
67852.105869,47.321899,5730.588251
41725.612856,18.130038,1185.214700
41896.971599,47.250731,4892.209734
44379.729654,50.088671,1814.335082
28416.899375,57.928719,1788.973736
68427.163111,46.308240,1658.070233
35975.794930,35.708652,6610.366179
57596.354098,29.246057,3344.384401
29681.883093,54.959287,1745.871674
51656.938675,47.715064,7158.139060
24912.842682,49.366371,267.696299
47761.824068,50.098159,5549.799128
22248.179202,23.443624,4364.975281
29724.476875,31.968526,3075.345728
52143.823674,20.837634,2393.099679
56577.722861,36.847801,5947.421721
37660.770717,53.745060,2129.597165
37403.795396,47.944122,2044.047045
31652.693735,62.023802,5151.070445
32727.700733,34.474871,1087.919364
69078.604812,25.107524,4076.583914
40622.194873,41.527189,4949.902333
37521.017173,60.541077,8.012076
30735.808499,22.242098,5946.822297
24857.694882,21.598676,2692.163459
33180.201594,49.565977,4621.997742
66628.260089,52.383873,5992.885092
38564.932130,21.216492,5604.169990
33704.508496,33.183106,5898.000893
57018.484832,44.825715,3507.252166
40526.902785,28.606376,2119.984911
50827.980523,51.012937,1765.983337
40775.811595,60.288757,1922.610022
55467.151413,56.851331,9226.902041
38789.029389,61.229285,7650.655210
58074.840128,50.074924,7388.024440
57814.106338,43.830923,7252.120004
45190.729182,53.839520,7893.559889
36801.907180,43.027943,5406.344926
68811.779416,24.038265,4211.302611
30483.295529,33.656441,4514.009780
44930.394173,19.777386,7708.315625
43671.456554,25.585037,8066.697865
27612.914802,19.212448,1513.624200
53607.326925,27.561712,2378.766173
33036.683120,25.063367,958.979822
64275.834889,61.440913,7520.032053
30673.837503,59.333837,383.107569
58793.614309,56.494410,4391.981054
21053.490618,63.379408,754.601882
42095.422202,55.366188,1183.704568
50360.678793,28.839542,4217.166823
41970.724477,63.169914,1622.317392
51663.410179,63.735710,4147.888585
53601.812436,20.240621,9601.375482
43439.988727,24.179470,6879.306007
51461.053167,36.651559,7292.264177
41285.172307,47.976308,2313.825005
62895.749770,49.922604,2001.281514
57296.160823,25.708482,10601.082783
60844.092495,45.655205,12072.255758
47634.549548,44.294871,141.703818
23998.323693,29.910033,3928.303909
63391.615967,34.739268,190.889275
21534.551219,44.315038,228.335387
28255.652513,35.514017,2109.242798
36496.133932,19.515716,165.506090
41631.666296,53.047655,106.090747
68762.416665,20.991243,2796.752303
30075.264925,29.235057,2628.577923
41302.674175,38.660619,1379.913124
39703.759428,47.468741,2403.478216
63161.092035,59.675115,804.092441
63062.142096,26.585778,56.166164
34507.527906,38.587783,1793.750255
27954.707765,29.904522,1627.041405
37369.382060,35.341949,3783.601151
43912.062740,23.821921,7757.136789
22766.774502,29.325901,1429.401762
21603.305701,21.375033,178.333871
61952.906689,18.477425,3635.600589
36116.365092,22.535884,1494.984568
26157.777272,22.826938,2295.811656
26458.383205,59.522987,552.398166
69156.303774,53.410862,7364.735578
39441.444764,46.753896,1034.758838
60119.065810,45.076969,1810.960460
55613.485461,24.377129,4255.252137
37049.386236,29.423019,6056.817214
23122.064925,53.309536,4263.493031
48790.132434,32.475621,5519.096040
59132.685156,48.344993,4575.527635
55305.574827,53.582280,8176.707165
26037.463644,24.783108,3293.250879
64899.805030,38.116017,4654.249217
27089.124317,21.207690,5029.488782
45341.474637,22.569568,6525.218423
24865.798075,37.309753,4439.116154
28239.543205,26.192210,4189.832568
52730.080502,50.237785,5706.325323
28982.058149,39.048410,2898.761824
36221.266007,26.101500,5094.670084
33551.124372,58.856927,4333.360862
43891.355970,49.153827,5792.906333
45148.885720,60.525006,6455.391772
58481.012161,40.832918,5380.560596
69579.929211,57.756243,10868.241472
52743.308565,44.048517,2684.700671
65635.661529,51.167714,12701.603475
34559.907035,29.112182,3317.529874
60218.531527,32.471888,3157.961082
51689.548539,46.154192,9881.976006
47541.614335,55.234585,1611.216597
62905.793025,27.909652,11423.936295
65632.604579,47.105767,12498.040454
31847.853719,41.416336,2913.769931
27947.440282,58.348455,5514.117421
62246.727250,31.081885,406.720769
40154.688566,60.529683,6013.152874
58627.554884,33.115653,1215.652560
33441.051065,27.873486,5282.728560
55603.786795,43.839473,1411.130080
31046.378966,29.297399,4907.674084
44708.099873,21.108774,2390.850597
23340.270696,42.828615,2707.760939
24830.181971,28.970245,2046.685050
31422.747385,53.898080,1686.835902
60477.233846,60.402106,10711.700896
26039.021490,49.390402,2056.752382
36186.848073,50.506752,1130.735265
39772.118726,43.725448,5492.893689
34730.164071,63.376233,818.508442
23118.483315,57.581050,1746.936559
50072.847626,33.015273,8088.568019
67465.062386,23.611054,1802.616994
38625.632010,19.630038,5836.563381
45227.482826,26.723162,5521.507405
64901.897735,44.938816,9589.833525
40543.913543,51.460876,6507.850191
27793.266722,60.516908,382.248904
61167.774820,20.583631,10396.618148
64619.664620,26.042093,9704.782409
37593.757866,54.010415,7274.325628
35032.649599,56.724626,135.931684
58364.464976,55.596549,5809.899000
56945.810413,45.554021,6388.369826
27204.848551,29.072097,3827.893915
21648.261026,52.587040,3558.527262
31077.856889,44.221517,4452.330679
42522.922407,53.868651,6790.850263
31769.247719,44.774381,1148.221436
35556.779911,23.777433,6361.973438
52908.824238,53.695636,9841.080553
35045.131405,28.653284,2382.466772
44488.164485,33.431205,2751.088843
41679.937118,53.669908,395.000775
54619.947197,52.424422,10780.271882
38053.623126,26.206880,6110.572792
64718.661776,37.276492,1485.079935
43159.084970,62.442097,4350.019897
29445.510502,28.445677,1758.881865
25817.389884,37.945480,4115.484719
66356.856741,61.524849,10725.484728
56676.157999,46.678970,2278.554349
61000.042774,48.623610,2160.784908
58906.251686,42.049342,9290.575345
49589.153721,42.775256,2627.405488
40141.603542,56.151418,845.366371
31659.728212,31.928154,858.511388
62658.221629,25.463160,3343.367161
39264.483498,37.027753,5255.788283
46643.126481,53.405083,6440.861434
30515.372118,20.161878,415.240435
65077.322028,50.979135,11061.811895
60871.869004,61.260144,4844.172224
25011.103896,36.215190,3834.042782
68407.185508,60.937582,597.944066
43727.439344,55.192599,1170.556334
45788.747100,41.261946,5894.041317
65705.010823,50.928432,1969.794134
32434.702506,41.353171,2738.440496
58121.668575,27.301800,7531.101249
62498.507246,31.909691,3312.877622
26090.725877,48.078520,4255.626392
64780.938537,20.228101,8402.415586
65588.403416,22.918212,7879.738136
65743.703668,52.300504,7724.571414
37164.521583,47.295455,1445.802189
65176.529780,48.963211,2365.287490
34615.542174,25.514390,6476.760852
59079.465054,58.638332,10326.089773
56267.171637,22.486136,7329.243164
34862.821286,54.964873,6040.772062
60521.364100,45.424993,8035.883173
42276.782908,57.930696,8055.305084
38451.177713,63.421455,3441.261416
45985.108654,53.533889,7382.056426
51000.422442,27.802998,778.732696
31523.107765,40.446168,5174.570569
28648.676751,18.396970,1870.925253
27514.427963,21.897698,3400.910744
27441.000384,37.399070,1455.047602
67709.241591,50.412932,5136.819308
38600.707187,44.722796,2749.080191
30950.295406,26.310194,5043.148637
27083.822868,60.666659,3286.212882
21512.745267,24.779528,2453.376121
34796.003560,58.487900,443.666538
27089.392841,51.294197,1851.311563
25259.401631,39.739766,4341.008082
47007.313585,45.019796,4069.402646
20358.665024,53.615180,1064.686918
67900.226526,43.514304,7902.742965
54418.470995,55.222066,5630.741221
51288.554694,29.920748,6536.966363
28199.601632,36.668704,3871.688902
22199.615142,60.104819,1498.390919
50514.469626,57.379650,2003.653570
34414.240338,54.530172,617.538752
37633.087432,29.421413,868.162473
55235.504073,47.005260,4910.547658
45587.551843,62.022138,8366.614268
52757.794939,53.082214,2321.206314
41174.808126,52.339376,2888.444710
25685.535201,39.009189,490.742921
28145.303000,55.547630,4805.971549
52094.218372,40.844508,495.021199
33552.385976,25.159611,6054.244126
37400.933767,50.108487,1693.137378
21605.725090,23.238170,2828.308618
57562.891736,56.600567,8508.835399
62288.539605,25.602173,10657.106123
22767.264203,45.123281,1205.786013
20943.043327,19.819631,4098.115790
20622.860098,30.414033,3518.452629
48436.664632,49.027850,5851.409789
27574.634184,57.643709,1017.396160
62889.362143,33.245650,6525.151793
37683.200492,55.587211,7414.552853
54974.455496,61.984203,8922.199717
56326.086672,40.405455,4816.776074
65670.883439,50.004698,3950.870172
50730.733392,41.970067,1879.059662
64184.915791,46.447036,1854.239613
66179.324109,48.120799,3646.937860
24969.526804,45.120993,3595.501942
54925.518266,40.805603,554.488345
67879.248019,43.597209,10433.474345
67787.526762,53.362340,9607.498847
31657.619302,37.778664,1448.071984
36559.135029,19.716176,3030.267241
57787.565659,22.644669,6339.850844
42521.726007,47.704289,2661.612516
51935.180631,21.495505,5649.452468
45677.876128,51.693056,2966.246125
51363.595813,21.021997,761.422404
27218.561030,55.171020,4145.003587
43677.629221,32.553030,6739.858598
21533.595507,57.901683,1971.554220
28010.190935,55.366900,3971.155479
51589.282746,50.313465,56.990974
50480.952689,27.080391,8831.184365
43957.350582,21.144849,5416.357798
61878.346552,33.006360,567.668773
60153.336967,20.300860,6472.347007
33388.583343,62.001675,4551.876889
41310.401778,53.576941,4481.162213
25576.953932,51.932268,1922.656626
51455.098453,37.285684,9447.117157
48134.156927,47.969675,2075.596112
51348.527304,52.436740,1507.891341
20532.823731,54.623234,1897.780821
33297.214021,46.579960,3674.741340
55858.549236,25.866534,5630.444972
43777.518480,20.010928,3601.299685
27789.519057,58.519133,186.828074
36132.423875,34.294260,99.449591
20145.988597,21.282784,839.839063
63108.707387,43.193942,5757.848995
26581.614527,61.953374,5090.392774
62040.889629,62.049801,7643.631046
69958.705541,30.536020,8755.691977
38082.519516,45.519977,4213.465259
45183.054176,33.895578,5953.453524
36242.447961,39.415471,5688.994849
44527.258903,42.090092,4588.472286
40496.255823,20.105459,4834.603798
24698.669305,48.912557,2427.650788
60560.305526,49.750586,1994.621134
48018.211457,50.204139,6120.090021
30216.251959,26.563717,2116.537310
61742.239951,44.872608,8068.319704
47288.426668,62.428467,4004.988852
24658.899317,59.436501,590.598081
64644.348102,58.840657,9848.171449
57517.724140,52.486070,4536.857209
52945.547788,54.631915,6262.007945
36366.990411,47.191410,371.040895
62113.729566,27.884415,11928.509856
62279.519502,26.666469,6801.405893
61799.084959,56.957961,5619.217604
50139.740009,30.267812,7758.799823
69566.684349,52.967088,9875.037183
44897.488370,51.358061,5732.399032
22572.302765,51.016240,724.193188
37123.079638,19.946684,5659.509278
68744.788649,60.730056,5207.883117
21081.194181,52.382833,2395.165350
58828.292117,32.402920,5947.645468
46706.458861,18.830336,7084.263509
32312.853383,28.155320,228.330804
60778.765024,43.013023,10021.049223
30948.041547,42.751354,3995.807295
60122.011572,62.909605,7189.350735
43321.681120,32.286254,743.867141
47904.341242,40.039270,6183.514146
58597.383245,53.288034,2588.490266
66091.905911,24.204141,8743.509701
47316.701377,27.064198,1940.674044
40872.639772,54.948062,5312.491706
35154.493484,52.899213,4037.719604
32222.818809,61.810616,934.477133
40447.672962,22.492924,1072.192659
48463.204554,50.526430,8120.258090
42843.099129,28.631786,839.869024
50310.422438,53.038697,8361.719100
57565.199961,37.737854,5353.561654
55066.182970,55.739201,9332.702666
46065.948210,52.838639,4947.308728
38309.585657,55.429134,3545.723971
54472.144756,59.245985,10836.383088
58695.094397,29.774410,1826.516302
54748.912312,31.596859,5438.093693
46328.171918,56.840831,7879.676208
49633.327469,38.989009,7915.313443
66339.783876,35.591905,2350.891508
62650.719662,33.484066,6425.365364
27646.780054,56.311669,3132.148692
21437.615755,45.731400,2563.960873
50648.198444,56.517307,7110.755833
29670.671844,53.550200,2928.984088
20258.538662,29.115532,2767.837300
34475.217974,42.307918,3162.133837
28926.432463,62.065251,750.067107
20660.668954,49.363881,1756.037625
24987.934092,49.065109,3946.898246
29672.560811,51.019805,607.909484
23241.599887,40.847756,457.196617
24217.228759,23.510767,2104.384323
65574.093342,23.513043,3031.246326
55994.458792,31.139257,680.619696
67369.332123,57.634240,2299.418172
23305.771493,28.217529,4521.004312
35195.466345,49.658406,2836.988178
27135.072618,54.836460,1387.248801
24037.165141,23.311574,2469.364426
51625.313230,44.808841,4592.245550
50705.766263,53.205822,1096.967075
58079.156901,18.663027,11540.045812
62192.467069,46.050789,1863.891003
62553.668411,63.924976,4641.704785
68147.957318,22.984394,12307.562323
27619.661407,47.540506,2774.832781
65330.192836,28.589987,4030.803692
26680.145836,47.761740,1671.184924
46104.598911,51.056359,2342.472921
44904.597644,44.206687,4953.773599
52934.594434,50.402982,3248.627718
43509.757756,18.075336,7363.037639
22118.357329,63.015947,3928.121846
56275.410024,30.249871,2224.884160
48630.979534,27.021677,5862.833029
64272.699999,37.778015,4929.878818
24349.002952,53.752523,3890.471050
34332.315256,36.501371,1225.720223
64940.241089,43.941041,8196.930726
30595.748015,40.911495,3495.069881
53422.216249,28.188531,7441.759617
69995.685578,52.719673,2084.370861
48270.796244,45.305851,6232.280399
27028.155588,48.109595,331.364309
23519.866092,34.393707,2368.381231
37302.083399,35.015404,2366.174240
55601.271852,18.842993,10533.455162
62678.645451,25.839394,333.441398
41602.433978,25.259869,7005.079292
27533.001329,46.765928,1551.420288
30594.176559,50.043820,118.342142
47846.945904,24.418357,3713.262688
55273.275001,25.416391,10282.997446
23086.255409,24.849960,1256.401160
29621.274879,32.455423,5575.253691
47533.920947,39.955194,6637.770871
62519.184179,44.409975,2324.547705
50878.959037,44.965126,3257.012629
58580.959511,56.626951,4317.715478
69445.649446,28.818274,10643.404179
60929.172351,60.058778,11146.074460
35496.665495,47.002746,168.054785
33572.423498,57.442219,3369.377023
55306.914349,20.140312,5272.535014
34141.927636,47.151149,3371.664310
40453.890949,20.709893,890.939535
69088.777415,53.935627,11246.488155
30885.692202,55.150759,5216.354091
58683.226320,24.844959,271.734468
60675.812156,39.963906,11617.748909
68460.680025,35.775600,949.956625
63653.839908,27.515369,8866.527185
42522.575757,18.326122,5036.255280
54140.429134,30.888893,7896.223766
47548.362617,47.839100,6153.936564
24114.012257,52.335816,3900.829601
20686.239090,33.280524,3052.576691
21412.308612,26.382710,2639.710126
69391.146598,63.800671,2550.265147
32319.262221,42.931993,2733.420559
52862.947136,47.331397,9754.152239
48383.276146,39.704726,2763.263955
36430.538404,38.227442,5855.185594
44268.894014,27.933171,6043.143106
63806.329253,56.632166,114.499967
46195.777173,32.413599,927.067594
23743.160772,42.734578,3254.748950
22089.837485,21.296703,2584.022038
54707.288514,44.237881,10255.190112
23203.647188,58.568876,749.145368
25342.250678,40.361140,871.530091
31645.632819,32.163271,5193.838197
32306.808401,21.906306,3603.364078
61262.816323,49.413030,5564.163603
26388.727296,19.371521,1191.332138
53009.425434,36.074479,3589.253506
58163.540675,58.747485,2237.927764
38665.033928,55.125922,6152.004833
25289.047223,53.342725,3701.537602
66049.934032,29.315767,13172.681298
56282.982526,62.369889,8215.558384
35778.615233,30.628207,5544.654684
29174.240311,18.528628,665.577000
55934.432561,60.755250,5643.179899
32256.861525,20.096399,2809.322185
68052.806919,28.758802,1415.718263
26957.053870,55.264877,4172.988238
48685.042018,32.533256,9698.582169
38288.071081,28.735432,1723.399373
42468.020825,28.625819,1902.265610
55377.773026,46.918222,6882.873416
54231.702785,21.274211,10156.142312
53283.258707,49.004693,4065.218795
52534.785476,47.183619,3810.131842
47847.515629,26.651838,8494.016431
59998.253272,54.308927,4659.535976
58684.513012,31.732265,5415.817417
49114.787932,61.481523,6388.850360
57179.402006,21.373122,2991.967351
69395.116477,23.951389,11047.684335
43963.738012,41.553842,4481.436861
66326.472471,40.980329,5602.160022
35886.726836,34.668349,843.749092
35578.234114,42.394597,3640.848886
48689.000430,36.563092,3859.471823
56510.835355,47.308286,9255.439649
50275.899963,41.819823,5541.821255
56665.494088,61.645123,11159.793165
42912.090539,60.582198,4550.122853
22169.729222,36.970717,947.199638
35919.807320,27.304124,1227.109484
61987.685265,27.631088,2618.243037
30044.683516,49.774064,1428.439625
61528.272419,55.903023,10897.905480
31196.491774,47.178785,987.261537
66003.959992,33.073515,11207.495230
56960.673844,25.517999,4856.483454
41315.107890,57.520094,1378.909057
64913.343841,26.766311,9781.326722
32804.904487,62.294391,4961.255680
25789.209798,26.494170,2410.277414
31908.354308,38.252512,1857.461578
56050.302582,23.973830,6870.839010
66505.775687,25.618241,6571.197021
57504.071742,55.717134,8107.267645
44619.111489,59.852487,2474.977159
21158.935286,54.303913,3562.308296
22765.190916,20.587427,540.617725
25052.820256,45.573993,3367.701923
61006.107302,54.181296,5850.770691
62321.242474,45.890283,10649.072050
49604.544211,51.944009,7045.919202
48433.373489,28.531997,789.633361
57590.283283,19.497103,7676.310663
62691.701371,25.064379,8244.748900
51121.656869,58.527181,6471.628202
22516.540349,55.518927,4267.451902
60857.235051,37.394287,10486.744346
62908.357480,51.146827,3213.898146
49665.633838,50.319213,2713.885075
65322.801068,41.454195,2739.719990
20598.926563,35.771154,3872.402468
55476.656980,52.089203,4733.505830
26218.494847,18.416236,3343.816358
40794.870227,38.040528,6519.437060
53719.651110,42.890102,1670.737893
20715.535635,27.530321,369.527739
57163.852400,53.544820,577.530782
33751.205313,25.301877,6494.184336
44832.564720,32.178263,1256.253538
51035.633455,58.994977,2889.880195
53493.486012,21.874746,5030.828800
58205.679995,56.837838,10035.603021
47439.940756,22.348419,7896.356942
47586.227714,42.275008,3343.056276
26100.851262,62.319165,960.137251
45326.403673,59.362512,5142.110837
24391.756235,47.035098,2198.144889
53741.371019,49.729433,6513.150125
40053.722267,27.938480,44.527246
53033.864130,38.457560,10427.470503
25176.502012,53.543409,3064.718488
31210.847017,54.104907,3853.088042
23532.276303,59.633737,1077.840400
63776.770786,43.810659,6697.971583
52278.765005,45.928972,4269.136035
56015.813216,32.509310,2275.763425
56110.939935,62.829415,9351.006131
57856.808235,33.682151,8824.164747
30187.091865,28.155084,4462.823258
30786.871926,47.068106,3563.319789
22279.299765,58.907328,3141.338536
42476.265533,46.438223,8334.182008
58147.799857,34.058645,3951.189747
36266.211867,55.542363,3206.927665
39045.497163,27.433221,1165.492158
64467.803685,63.400589,521.575701
36594.806674,60.912561,3492.334022
58797.762862,53.403434,8892.963303
66653.270931,19.887053,5180.711860
48271.498380,21.662341,6077.680287
30991.431924,34.010026,4589.267265
45446.518336,19.304692,8474.982464
37142.738891,50.303043,161.237551
58320.808893,20.257605,10033.491680
24825.540679,54.817466,3650.196352
20511.429436,27.196268,931.790074
48326.320893,35.652199,7168.707002
55441.358795,48.058599,10768.747839
60496.907919,33.945672,1115.154587
25296.154227,44.356090,1320.462443
50414.320319,56.194003,2468.171999
67984.040377,27.465281,1642.969471
50382.399773,57.096936,9183.842295
49413.298541,18.647853,2554.044352
61464.820644,36.408266,5099.087460
53784.049575,24.393554,2761.851380
35993.287927,41.875002,901.927711
63402.004684,47.223429,7530.767633
40484.971325,39.281433,1093.679203
26168.012274,41.941170,3040.981350
60044.281515,61.312654,6823.434443
23984.550945,51.141268,4622.275198
40359.701186,32.245008,1783.697326
33583.891082,62.130755,1251.867366
68038.792016,62.948129,10108.795849
45652.059272,53.674341,5408.212129
34399.209782,31.764889,6019.834423
57628.438917,23.986564,5021.639683
24294.676892,22.263096,4360.053009
52218.882511,37.542757,9792.091531
50061.767739,55.361042,6145.131817
49352.274223,57.542156,3362.774486
21087.355544,49.310634,3353.693571
23812.252684,42.765559,2716.655819
49395.166493,41.084909,5927.574676
33338.943990,46.598514,2929.851424
29668.320720,38.683740,2042.436463
45936.597202,41.994010,8525.231909
55948.067717,40.303015,8569.220573
53239.500714,63.515115,4606.156805
43694.034445,49.515036,5049.635509
24078.072496,38.491628,3276.139948
50258.553021,22.542841,1086.246165
41816.656832,48.917214,4534.575973
36892.716219,54.448425,6463.647751
23886.567615,34.442973,4440.419617
48757.765051,23.076035,1833.581051
34601.682662,33.850522,2430.101618
52986.004546,50.423763,4928.607034
50740.951025,21.721359,784.577312
53096.991398,36.350075,2663.052609
38500.000646,53.930691,7571.682318
41004.262357,55.849092,1016.141008
63585.364590,49.339927,1594.972682
31823.681055,30.983557,2290.430342
26242.633623,32.596832,1801.228195
63531.245994,19.329108,6917.508435
64751.146541,53.638203,2289.851251
31091.276305,50.895543,4071.083034
66871.267364,62.689364,3614.268185
25098.652828,51.647063,2611.848092
33720.589224,47.246626,1365.952209
28182.523295,25.529610,2285.956538
27334.569714,42.671194,2963.794432
68694.843182,23.081417,12731.894637
46195.621665,26.627198,2888.633728
34488.209854,27.131530,2156.314406
57827.663100,23.972968,10816.759009
20346.469053,35.716074,656.033188
60480.975795,53.428688,3216.094541
51915.679784,44.109103,2282.911022
54625.506983,31.696456,8619.745177
48305.427090,55.212536,4833.477470
28577.964513,21.420160,1639.225639
53400.827006,58.081688,10418.192976
43414.487892,44.453363,7170.946724
47526.234125,57.219592,8957.330544
46082.072163,55.158467,2921.235379
32195.592525,62.201659,4980.013585
49067.091295,60.544598,7258.968492
21293.477125,42.404940,1368.691922
52100.917387,23.181444,4767.277192
48334.387776,53.367754,2234.443137
58507.623551,48.977448,694.135168
27521.040342,35.086597,2699.851346
63914.225372,26.349742,139.314572
28598.832646,52.533699,524.201092
23298.466746,48.651460,1741.183919
35697.554138,51.388219,2907.958272
40376.163581,38.921289,3901.937984
56534.966843,27.807941,2161.083752
36088.938608,41.717759,6222.415273
34158.633968,29.421142,2911.408067
29732.057620,38.876712,3485.018026
41736.201539,34.596492,7602.613055
42236.456093,24.686733,4749.068675
28796.850836,44.628648,706.228994
55097.388481,33.929424,9342.479427
40916.564146,48.319741,5219.804028
20908.335100,28.818522,3133.624447
57999.772385,62.770111,859.589294
57746.581587,63.625305,727.194665
55116.234515,41.468885,10284.606786
57765.521160,43.887309,5445.222660
45200.992799,43.905429,7335.962568
42435.189493,51.489527,2766.280914
46365.573518,41.852613,5443.276307
57187.700893,59.471918,9390.672261
66539.927600,57.705559,12129.082226
25244.726699,53.379011,1278.999504
54780.345613,61.388971,8134.220408
59253.121463,36.920412,7327.283577
48540.341544,21.239158,1012.934993
30415.105079,22.983636,4362.083152
48768.699244,25.925026,500.599106
52299.218082,18.309746,7880.685807
42242.489120,34.220767,2070.379381
28218.965272,42.624394,1305.082433
40208.131860,61.371913,459.034689
61419.672838,30.651823,9921.672387
51282.505242,26.551387,8445.385343
36017.902747,43.523623,1526.392476
57575.009791,33.800135,9857.229950
53330.767136,42.377246,2343.497556
39834.519841,63.312275,699.955776
62469.428375,24.264855,7286.550391
40334.616734,45.886542,6808.869955
47542.802703,40.873338,9448.209721
55883.622861,27.370338,974.563067
29163.015883,43.956171,1469.129704
47786.141064,29.708189,7181.478553
29736.310504,35.298398,657.048409
50831.427535,24.351603,9572.586884
62030.045995,46.535785,7572.567589
54049.012745,54.620353,4569.647911
34336.017589,35.830652,3441.644524
31895.715306,48.185907,3423.346172
51894.540100,59.003768,6579.534007
37616.710858,53.444660,5732.240108
22076.948003,56.995439,3948.143344
56252.953706,57.278291,7327.070282
26316.758494,37.217654,923.028441
23120.879608,40.296722,1417.846522
39033.032714,59.677022,5757.890479
32420.818151,32.361792,1494.212974
68827.244330,25.302531,1049.175477
58092.204893,41.813652,5277.740420
43538.856115,46.329412,8523.901116
64040.484179,59.144807,5408.727767
34395.229216,25.548224,2089.732500
57405.514927,45.644435,6914.751540
22581.133973,40.548862,34.285106
27952.945982,42.097498,3965.251974
54022.912837,26.561012,10641.451443
63546.164758,44.412732,6170.239116
60713.430301,56.031604,396.233678
44519.329472,32.391660,1446.468103
40997.798990,55.581204,7908.331843
63661.383330,25.595524,6095.308749
34429.146738,39.714990,2240.277404
29181.861428,48.240648,2529.612969
52510.438235,40.279140,1858.308240
37536.347243,25.856678,2634.358585
35683.744953,44.497879,4337.825559
45622.290710,41.632545,528.181250
67385.403176,29.033679,6747.232379
69411.792529,47.073727,12176.782438
48322.514065,29.262634,7732.696396
40836.588810,22.168263,6994.487801
38035.951327,60.655210,4298.705028
42696.971369,44.529671,222.196439
24181.694787,22.300125,1529.018868
33194.402645,51.179712,6615.387858
32541.461526,34.405086,780.832857
38381.413061,54.083371,322.724156
25921.912531,58.426079,5104.746789
58810.971729,22.109381,9099.724338
63025.744078,56.566932,2956.977746
29954.004514,61.836845,5774.074270
40641.523018,37.664199,5042.326368
43940.910702,38.305982,2855.379187
65166.972873,25.656282,8859.087469
58820.382056,30.752316,530.657824
50719.763075,43.207245,4770.937668
46766.595920,47.775171,2383.407757
67520.759597,45.415624,13041.779452
28386.253554,31.125332,1718.943782
68276.030761,34.514881,4842.077960
30731.726279,40.388843,1129.562412
30012.251092,54.940119,3972.151405
38075.318774,53.107360,6928.943621
55932.396573,44.392622,4876.366909
27966.244454,53.700273,4445.203178
53825.536736,49.713904,5272.804792
65451.496518,60.276389,8129.048931
39473.995862,42.301254,6034.153228
42344.808711,47.418108,6800.246806
36112.874413,60.579353,3737.212187
32720.504799,33.804504,4367.264950
27973.826560,49.674220,403.402135
21306.033123,35.094164,3791.023528
36029.301577,52.640624,2928.100439
48457.963548,22.344924,8108.172683
46038.510655,39.038673,6868.987805
34247.159020,34.700990,6458.790585
64247.615000,31.603162,4513.203694
62109.767091,41.240906,2816.430158
21481.803786,19.959452,1137.657891
20762.474467,25.329123,2385.224837
33756.527228,40.567596,1169.835925
54325.807274,29.636369,6978.525057
33197.807805,59.486848,3993.146866
56846.474232,30.280928,5268.227475
26542.931090,45.829427,4233.089586
53200.548147,59.691719,3090.473119
38073.406897,32.214508,2284.005677
43937.219044,56.409682,3213.541963
49284.819413,51.939729,493.589997
22869.323455,25.906445,527.551568
60113.342542,40.774306,8253.384569
23613.255685,32.473506,2469.234585
68755.094421,53.228132,10990.533753
26449.328293,46.479153,2952.123152
42855.416115,47.127370,4923.814846
25686.778936,35.850715,3728.397031
67125.649243,36.058505,7482.067369
27427.789446,59.704519,719.946665
37145.573057,53.198279,1510.735507
41702.600771,41.944054,6105.727929
20710.775959,49.557270,3960.710873
39124.164362,44.557109,401.326733
32834.646739,60.580219,4184.578203
26267.221400,58.793767,1136.117271
41254.228195,28.948205,6993.049441
38268.696603,30.676850,2522.057185
37087.268759,57.576301,6391.153194
38458.133040,55.856854,3644.306070
40185.775671,31.000768,1002.340574
65481.945551,45.038576,10614.248493
57426.680478,20.118845,2461.974406
47903.314249,46.169015,4283.226974
34222.187747,52.246678,3582.151364
28481.265604,47.421328,5302.179943
43069.652147,41.240035,4091.561292
33093.961857,33.403174,3852.992444
61363.856057,62.136374,9636.804731
68100.735620,47.752940,8124.598980
50551.480339,56.765567,5262.616088
54421.054006,22.961534,6229.836019
32152.459740,57.486955,3550.584889
40230.975712,58.794096,745.194749
53483.374002,29.189998,1459.668599
65137.937763,42.133110,10352.181769
29496.594127,54.665821,2216.975334
45181.933714,48.096802,2243.153992
24994.778195,34.723360,51.640260
54820.974013,20.560396,10070.949055
62955.608293,29.549510,207.543818
52956.246077,25.147102,959.097215
40366.203238,32.072008,7410.792024
60005.010134,40.194889,10677.668018
37598.385084,54.663929,3641.808411
61323.000903,60.166016,8699.946682
21243.932301,57.868060,3438.979277
62111.434415,25.976459,499.208578
56524.878815,54.910972,5296.940273
51718.136964,34.350500,1036.616804
43205.631750,23.125877,4835.274657
26934.197445,35.979010,4113.299167
68966.822564,54.392488,6690.635338
31527.347204,59.022647,2062.719158
46839.061093,28.733359,1498.200316
32151.296856,42.914912,4601.940086
40831.801917,47.149546,6429.593688
30868.804820,58.136568,4618.392184
62988.826428,32.474613,6924.901569
65496.767480,61.959935,11805.555769
63032.626272,24.788438,390.335861
27287.074544,18.695799,4509.881422
44299.371743,24.371458,5154.909843
44091.349228,30.485230,1664.104927
26617.030315,28.616509,2727.241681
21856.233529,47.722768,1500.653745
28072.604355,54.142548,1.377630
35950.488450,35.471847,2664.925675
28982.112363,35.268251,1440.499168
51790.726446,41.150878,1281.035729
65000.819617,21.699700,1114.914824
29761.046013,21.854291,3748.258124
23081.450739,53.896818,257.661201
60016.740991,22.738603,1522.646768
54619.155363,53.597863,901.277777
66274.208103,36.374623,10257.918392
49380.658630,45.471050,5425.280945
46283.067465,48.288585,2166.123100
25554.698524,42.796921,4229.914353
36680.181923,22.146263,4849.333785
30383.676330,46.831950,2153.607725
67730.443696,26.303147,8881.583636
36446.724138,40.616851,2927.675444
33648.738991,60.970945,1498.161255
53852.799539,42.782856,2089.909464
61298.218665,48.285030,9399.504602
69465.746956,20.585232,7983.705373
39102.041714,29.300865,4200.697505
29366.582334,22.484049,4049.253865
67949.738067,34.479679,1790.348617
29468.859178,22.789637,3703.953047
56839.401897,36.552391,9004.801714
38277.936871,44.909198,7405.803210
49664.270720,39.944161,5571.456364
49972.010828,32.396984,763.954116
27356.800954,63.487874,2983.583322
36840.603657,36.674583,6557.940331
51438.814069,46.012343,6898.783719
40614.722045,20.932672,2649.695356
56738.637323,63.373942,3210.807048
68004.686215,41.531097,2698.047781
44458.637286,52.082905,1456.234944
66801.197506,19.135138,288.646769
48991.853679,18.621307,7453.264268
69430.936622,58.940914,2648.220452
27989.111100,27.800920,1770.818279
67675.804771,37.740396,4396.076877
47985.722467,33.559774,8801.610127
43388.209473,35.704357,7007.154253
63182.455667,25.586382,3493.224567
20568.891305,25.853857,2257.064782
25833.717226,19.207600,3716.254685
23087.301401,37.619637,423.418400
36124.717833,25.054727,6485.057480
57330.619409,44.445651,1058.039202
47240.253123,55.009721,4286.345614
55730.629228,55.156438,9286.357545
61660.401318,48.898758,1684.526564
49746.887437,29.361462,7354.129523
23973.687591,55.288298,95.460722
28085.479599,45.032126,4431.280471
33585.474738,60.377385,3933.883012
44179.385102,51.306492,5888.375781
56025.419727,29.396444,4341.626699
49369.704146,51.373417,109.379623
26889.364740,62.625108,675.712031
30873.217636,38.952740,4076.876750
30608.943237,46.476704,2632.551811
54878.089651,42.883559,1504.473462
32423.806847,63.189987,2961.952368
46608.369022,20.404992,1521.868405
65689.189702,28.108707,255.072656
49054.860270,54.068664,1102.240361
20310.577557,54.264748,1279.113098
66423.399332,18.874357,1066.214601
45783.154753,63.885044,7492.909820
62887.762666,42.841841,6849.484223
51088.210782,52.085872,9097.112036
66217.944846,19.081624,745.076095
62799.750611,35.361492,6752.586071
45789.487525,36.298051,4545.157459
59727.405994,50.241488,5203.325181
35513.589547,60.807018,6983.360741
29178.977588,63.930735,1664.386062
67501.692246,49.637459,7589.759990
66255.029528,28.960025,7475.212282
63558.864086,36.356855,9282.927735
63441.712356,18.671289,3119.412678
64983.154244,27.291972,9109.774342
56946.645938,55.409014,11175.841070
52349.872461,35.522499,5181.848501
31473.458784,27.993409,797.345972
59267.339197,34.912699,5085.311919
66809.173247,31.054548,1316.187128
48083.311545,39.157306,9193.095264
20629.347295,28.306862,3310.410118
25363.331060,31.390791,3946.001447
28873.674169,62.328586,2224.469765
41430.855256,33.689561,5719.278116
53612.131234,23.282966,5976.896568
51555.740256,57.263592,9217.688669
46564.378897,50.651300,599.830324
61200.427478,19.227778,406.851861
29307.320765,61.164957,481.842697
67687.183076,20.804305,10506.328033
52565.065741,55.696529,372.974253
52920.148014,20.990967,9521.769942
34981.367835,23.487709,5502.736031
65210.837096,27.528440,12607.951664
60016.079613,54.317240,2857.007414
23066.964680,33.091353,1933.353568
52603.878644,43.895467,2043.089553
20111.363258,53.495395,1745.371922
32759.700278,43.880459,5211.325630
30578.020161,55.366162,3010.350240
21211.589389,32.651198,931.781052
53746.326575,29.350289,9534.660206
45214.109221,18.299980,1779.727735
58465.049700,20.126889,11417.060090
54422.973485,58.571395,444.613777
62842.064390,62.197079,107.597232
53005.132293,45.687220,2539.336749
40749.028178,26.854013,6207.186165
49804.410832,20.039864,7235.194717
37277.246120,26.633147,6289.256076
46883.206540,30.399890,6342.567909
31763.369199,35.602517,3489.404122
61013.181582,24.707619,1791.542962
41285.358898,22.911071,532.100256
39133.891864,21.603231,433.458418
62171.802558,24.243783,1035.462496
53638.645953,44.027374,109.478854
49264.584894,58.119547,3051.574267
63114.496989,48.351083,11890.757191
58165.506220,45.729154,4155.723767
43029.803263,27.210157,6894.165381
21593.622658,51.548923,458.093724
49104.768240,35.538517,9452.217947
65776.232413,39.798191,2805.863745
36192.149452,21.402403,7236.173930
62165.861186,19.602543,4739.948954
50793.355720,41.601886,421.640380
62422.203789,32.145221,2841.633423
63166.994955,56.510040,4058.789534
23717.567853,49.325770,1530.090242
66797.664673,21.380429,11921.199537
30272.203619,19.132446,1440.072549
55741.195688,52.626853,3181.780519
30742.579715,26.449337,5685.653641
20491.564325,35.134837,1579.168249
35620.418626,40.824674,3611.295903
50206.133716,33.031112,5826.462898
67935.453872,60.942263,8267.326053
59223.396603,22.939635,3901.402085
32657.268683,32.812188,1796.270503
55931.654577,23.441333,4053.519938
23694.778867,22.864284,764.297190
44324.286368,23.180866,2672.692026
34735.491748,62.358956,1402.217854
67064.344736,22.583610,1091.624816
42761.492676,45.049374,610.657847
49517.722328,31.549318,7337.950431
54372.182656,29.977118,839.125081
29941.968368,48.358449,3170.045654
68414.120777,51.046781,6154.052457
23891.244566,51.029205,3475.905423
47187.571547,24.227048,7933.469449
39819.920941,63.384797,3577.447690
50632.279243,53.623299,1262.356066
39970.211247,40.368115,7867.616836
55176.139604,49.455910,7822.936091
50533.571949,56.631064,117.712587
52983.874460,42.588070,5567.941087
31187.669926,30.999616,593.124780
34909.982227,25.568741,2852.371795
53810.847660,51.432973,9154.477015
55478.967370,53.762920,6227.541774
60394.094866,57.686422,8293.576747
36845.738678,51.939480,1790.013566
60264.940646,54.721363,2241.388144
52981.508598,18.306216,3759.937234
50222.762423,21.422713,8734.740617
59256.555960,38.578945,9812.978717
43203.414225,40.901724,7730.727575
46288.756414,23.590038,6053.791581
58176.154927,52.175760,9852.141110
25631.434731,47.635577,4778.700543
58977.997645,30.330983,9442.011610
25048.015993,54.656775,2341.367858
33436.489005,34.669147,5473.985551
23787.367046,36.311713,3041.552908
69456.567771,48.053557,13190.365886
65447.611611,39.631352,3269.534327
68743.353179,56.385252,2290.204289
36052.577598,49.499961,2830.179862
24820.792470,38.244017,51.949243
26046.384166,54.625464,4669.457353
60850.802441,59.990256,7206.852593
69929.010996,51.394448,12427.835703
53298.496145,56.909707,2106.709791
48818.382323,49.296122,2312.421777
38042.084156,32.838994,3495.856306
42119.822714,60.064202,1930.566532
62247.879738,39.229656,1870.715089
62252.088164,28.246176,1699.680972
36973.085690,38.280303,4144.448144
54217.236785,26.629377,8836.775689
44218.766321,58.579259,1693.920179
33274.050271,23.953435,2244.883109
54656.549036,18.393830,9911.134963
67593.517078,25.405446,9864.078027
39472.707249,42.608861,596.481180
30572.446859,48.651842,1847.094250
50447.699630,58.098540,2443.768915
49198.652657,49.192423,483.620168
53768.228209,25.377504,3696.953244
52809.546287,61.013319,6276.830737
38011.726649,19.057892,4625.193378
58910.291775,31.013962,3671.923094
57914.731074,50.611600,6715.857908
39494.766917,28.547142,3544.156039
45918.875250,38.642120,1910.329531
55649.055883,19.664501,7660.346171
27136.628800,18.833620,2253.190253
62724.636116,39.835377,9255.137755
32921.848579,43.733053,2553.212778
28482.649550,19.783788,329.450042
44170.221738,24.470371,2168.751735
60664.371604,22.364457,5873.410979
64501.930429,33.357947,12147.314219
28237.517392,50.015552,2728.189944
67420.595447,21.185294,3668.994784
55642.993392,38.910907,2841.697982
56086.058093,34.579202,3990.850760
57676.739180,20.665617,10504.668167
62535.632849,39.194076,9490.264190
60686.768573,48.399308,10614.130950
25032.300937,46.310589,680.904782
22228.345291,33.359457,2187.213337
41435.153752,34.925716,3702.171428
43955.409403,51.558286,7833.477761
60063.693095,59.114644,6766.294181
34635.744749,18.947347,4859.235287
63944.323726,32.524345,12213.949340
35403.427335,34.645416,2929.359704
53654.079365,44.137234,6587.775556
23508.230729,52.640349,4622.841065
61869.466030,36.227304,1040.493673
20674.897083,23.999883,299.825138
22127.924107,61.188783,1777.828551
27408.729615,37.691732,2591.028947
60720.796096,38.820360,3278.179727
34760.019316,34.260302,28.882534
23057.363920,46.971811,2487.165182
42380.995064,35.716812,6832.684817
37887.549393,24.415726,5061.777831
39988.740736,54.268706,357.088124
25026.505643,62.906922,3845.741849
43588.081426,40.495647,6453.057979
20897.426694,28.029320,2940.423970
24904.624668,53.319790,3376.907465
66068.635036,35.918784,5626.869340
36126.231092,40.707912,3805.802721
23626.726789,34.293353,2173.767690
30200.243257,62.782570,4871.677576
65569.785242,62.232159,12494.267260
20617.261010,46.517507,2224.068134
25817.454623,21.630470,3682.861931
21448.827994,31.795188,1989.182976
69370.177637,52.374629,4605.918773
34145.799552,31.400799,4074.952591
52651.256863,57.320246,6529.019522
40069.338381,43.313462,3646.051618
39246.544887,48.322056,919.114640
56233.789544,57.991086,9642.092538
49264.268326,19.006526,801.779606
30451.636161,42.197137,475.420592
28726.996300,34.751438,3675.833415
20113.253493,30.132576,2507.649710
43434.775427,52.205880,3672.109828
59208.716084,30.931152,11479.437805
69310.957268,42.110609,1590.325804
60567.424439,40.041222,571.932935
22048.895042,53.798252,4199.024356
66733.710251,52.977844,5366.640793
22209.009510,22.006260,4096.783714
49032.662406,54.556072,1777.953131
26558.361056,57.833365,22.327933
49255.457968,36.618148,4951.915771
30218.151228,48.021473,5914.516662
56317.082820,24.653482,8045.440953
53825.430577,45.356690,431.450161
34927.993610,54.152947,1957.057929
53287.385025,59.559925,4432.665444
32032.556743,50.117437,4582.938274
48405.726806,47.932883,3766.614435
46132.914051,26.909399,3216.491255
29049.071488,57.782555,2562.695554
68550.687858,19.361189,3879.672652
47474.819601,37.874645,5083.728272
50021.655408,23.816679,1054.268085
64089.131907,37.310448,6272.788450
28451.705566,41.601075,1042.850376
58132.471265,29.380950,5491.035602
30961.166141,32.114287,162.795596
64162.649615,53.855563,6938.012520
67470.117023,52.232637,12715.294721
68263.766244,42.642954,4124.330404
42889.334161,57.506696,6340.708855
20155.792362,41.922362,3489.957148
58178.614574,49.692795,10948.499490
45735.455693,52.821037,2944.537354
30037.203133,38.684920,1247.012791
64392.512215,37.802182,4513.243712
26291.375798,52.401543,1094.177529
36008.380998,20.626216,3709.304431
54953.979659,44.692236,365.646185
28753.325487,49.403480,4990.369091
41993.984317,36.192816,6644.344214
56696.458596,57.520253,9686.630307
51906.046160,36.573041,10235.272610
30939.393379,47.893445,6115.822333
38520.723970,56.673721,4176.949955
33489.039859,25.971044,3581.655047
52836.006430,38.251363,5671.644328
51733.287510,24.914951,7906.141179
41273.771499,32.090395,3299.885072
68223.684309,28.990415,7364.001945
28222.878911,40.331368,613.240620
21921.361079,62.327230,1901.143922
38852.933019,27.050294,7513.182864
59621.367643,54.150619,7014.622708
41377.745597,45.861662,5324.048185
54405.624971,57.141284,6253.206677
60103.011567,56.053772,2632.265613
67528.654209,52.888502,7877.415131
61156.937380,31.802426,3250.006084
42955.694597,45.416229,2962.825186
46923.046773,36.339534,3107.883782
24951.257491,62.041140,2544.356003
26267.529423,34.496386,59.469163
64603.920879,33.061832,11264.691160
34667.020401,18.853189,2827.289402
66008.397068,19.427426,9189.611514
45840.207620,32.270280,5299.239719
32188.016239,49.428864,4659.953325
50289.664748,24.074054,6127.381688
36837.530851,54.728504,1598.183569
28852.033806,44.211524,5705.986163
68127.166810,47.952311,12099.970296
41349.122515,53.856207,8083.232201
69132.462579,33.471182,7621.410219
38477.325595,27.346332,289.576582
68291.153647,46.793538,9577.955143
58074.606541,59.798669,8551.259893
26867.108261,32.622300,1730.151907
32348.450150,59.752387,3229.820063
31044.391757,49.935868,4465.872769
29279.749787,18.813099,2291.988119
35145.100188,47.793383,510.739969
44405.280664,34.382524,3917.876098
42059.636901,55.290686,5310.271529
28612.203063,58.861690,4948.488070
46546.704548,60.759745,254.843579
22832.323930,32.516423,3318.407787
21565.921539,44.126585,4136.761126
26078.213581,31.806881,3665.880899
60503.547853,20.118414,6766.533020
31233.307759,41.704052,1662.453616
34505.800931,49.324420,2151.696592
35485.118271,47.388870,2482.042250
45986.353401,20.287295,7112.926157
43308.178980,34.831361,6777.198246
53284.119680,32.143215,849.545184
68398.287478,36.993949,8106.859293
64743.707066,56.257012,4304.929109
68412.609845,28.155128,551.843081
59695.107145,27.903298,8889.928408
32406.570732,20.986561,3394.658240
33184.195978,60.374772,4580.097831
47688.250574,34.567089,1377.018407
42591.595235,45.116560,4602.245841
34051.528042,35.745652,6224.152886
61800.034384,29.665796,9143.611709
45360.716274,27.075748,4569.994987
20252.123456,27.441610,3360.059414
30134.709603,43.817228,958.998082
56217.326496,51.582281,2866.585900
31722.730950,34.851817,2877.756104
60178.446192,33.261409,3203.615438
51144.243048,37.838000,3411.656424
22449.077391,35.765779,1187.426950
44932.875112,27.147058,622.912811
40929.483941,20.254606,2352.287116
31092.267721,43.832206,5617.993126
44743.551633,53.056262,2574.707756
60770.229022,33.626727,2242.825760
43528.484313,59.892027,2264.725152
25008.949526,63.217148,2941.028155
47433.415421,60.455165,9139.143710
50064.346374,29.342514,417.633106
60348.413563,60.446790,3037.968147
67471.127100,26.923354,4448.412323
30492.875671,61.679243,4834.738644
25640.078883,22.656480,3105.443021
55040.758166,52.714484,8352.061533
34476.706379,23.350987,898.133907
23345.866455,38.290175,4548.110289
24426.029872,34.696423,823.835162
65849.889668,30.968847,5051.302388
60454.525652,41.051605,7875.070926
22680.318430,55.091588,1743.774685
44471.873732,19.613058,5883.660558
46572.320005,59.121650,721.341605
24369.841248,61.739379,1366.536025
56830.272863,37.163114,10462.740450
46942.996518,55.641540,2187.065484
42521.790711,54.748920,6745.817708
63188.328529,51.141629,3960.855647
29410.177520,23.498165,812.323534
46668.628468,57.834942,1833.485850
62693.269579,22.526865,5321.712558
65307.127479,23.723166,1906.795530
59589.064289,20.609764,4191.715856
41019.548795,23.254253,3005.826864
48058.871382,47.745353,6527.990222
50208.530021,35.027660,729.604430
62526.887928,61.052171,5835.542391
48192.185611,29.755318,5026.474557
30884.056729,31.277862,4099.902045
36965.742479,53.762359,6333.391588
43536.038911,27.866907,6427.726093
69181.664060,39.236583,1173.740942
64233.040698,26.714561,12104.534208
52593.515061,19.534982,811.907862
32282.251753,42.634956,3345.941958
54077.843279,57.120660,7149.066896
51595.357484,28.461817,385.403363
23097.376483,53.763034,4517.579801
27407.056203,26.159438,2949.931674
64395.298068,63.171320,10054.634639
60432.216658,41.922326,6300.868939
42990.982828,29.528808,4665.581021
41581.889922,22.851221,7895.112865
53289.065294,47.459844,8047.140754
22372.505236,31.493050,1118.926064
57119.739689,22.334488,10211.721933
31112.059420,49.616004,424.352132
68936.321354,43.365056,11073.158505
20436.331285,56.940966,2356.181970
20583.612174,21.989767,53.186207
58988.305803,19.976591,4728.259542
45311.831839,26.928215,3103.812228
60856.830985,37.070501,10238.496297
45818.283251,48.450839,8137.164403
20904.555479,41.017879,2606.023776
49908.291867,29.550940,2903.036128
55988.295276,31.087039,7745.754809
62125.258106,21.085868,5700.457195
48822.720959,60.944349,599.347887
29976.829099,57.666153,3796.032740
41944.268188,61.135063,1203.700529
36970.360442,33.704599,1268.506383
39992.719113,20.826680,4999.202015
42450.543044,61.614246,6210.280587
42146.937624,23.720522,7367.258247
52841.516437,18.446023,5957.386324
66418.956306,62.648786,9340.544462
44047.666555,27.313372,2096.917501
24821.214126,19.243903,874.324256
35583.618544,63.054397,27.252482
25289.607239,21.280563,2130.793535
39770.128664,45.190938,280.878547
59511.138701,29.274111,2520.514452
51211.654039,45.628568,4093.360006
56530.497274,45.544928,5957.993317
42604.462982,41.936381,7942.168145
66642.007749,56.167669,4958.067776
35527.834487,47.449529,325.119592
66896.765311,31.545468,387.394420
51980.359543,35.415703,6243.045030
40081.420557,43.116743,770.777550
50167.671747,42.047488,5592.651807
39545.959588,43.700867,5787.658045
43372.397607,55.194584,474.525327
33084.169850,59.029102,5762.469958
53187.979646,63.558164,4879.846139
48290.880460,30.036761,4902.975221
66078.769350,45.536325,3664.621452
51547.166663,53.111927,6563.411580
39393.140578,52.739274,5415.054667
69592.010828,63.238625,13025.056571
54588.501195,31.077654,2847.819173
44964.010599,48.414803,693.214714
46081.645547,50.069105,1487.786041
45564.015354,22.288010,715.836604
62657.602543,28.174257,5771.088254
67921.632114,35.851978,1399.875472
59514.012379,57.017846,2504.722649
48422.536107,41.854248,3520.565901
22001.317451,31.617285,2155.812173
52529.698766,18.812804,9808.190940
24061.463161,34.511520,3980.578783
23450.872132,34.406370,1419.805523
32866.578239,44.880617,6037.007733
30958.907963,43.603566,1558.930765
27550.895272,29.732926,3944.219318
36024.937888,51.806886,4155.449290
46801.274286,34.605221,5315.973820
27082.718983,60.277963,4990.557123
65435.035380,19.846504,12727.997551
59295.741078,51.349799,493.714430
45435.267237,21.042198,2143.386972
61742.609581,34.559810,326.989568
31396.866012,34.996681,3719.230135
35916.704154,53.540443,6401.189486
43969.604156,25.483049,7455.920157
60624.815365,39.857788,6740.716136
69939.329678,55.637621,2225.224533
69755.320163,44.543682,13766.051239
69478.398764,22.656340,10229.407877
34192.160522,27.997289,5233.663228
57457.857945,50.714663,3608.805202
63910.334655,56.635633,8986.718948
26643.808994,19.289629,1413.783224
23985.075420,24.432811,2284.209129
63660.648807,50.282960,7832.572411
44102.330091,21.014208,842.569077
29409.805899,41.610397,3388.560923
49294.659314,37.254894,4574.854780
39553.647377,53.690633,7063.898036
68583.041050,57.087840,2922.288685
31060.606258,53.277213,3729.974650
29190.324624,60.291223,5239.594773
63437.700148,54.628140,11963.364216
35243.063227,35.629878,748.940718
36475.353530,63.330432,413.311163
63271.608825,23.342098,11298.172191
45540.325523,59.318140,1490.470251
68565.385502,21.210909,1231.537368
20063.099584,24.278339,2495.132991
44222.262204,55.861472,7443.486707
67839.244455,47.782580,5609.326602
54009.692282,49.409900,884.735505
52234.075351,47.984506,9255.842934
28423.131471,61.671459,5282.849182
52623.437594,50.418527,1156.319703
25636.333569,55.782057,1239.688258
60842.941159,60.255143,6608.968795
36727.745999,58.184654,7287.540764
63830.747437,35.138784,5271.626982
43108.414561,22.291962,647.879379
25285.261129,19.819544,1027.577792
57646.242906,62.870748,1452.493378
51027.567608,61.506297,3313.300410
37389.772378,34.442169,7365.938916
65017.593494,26.917833,1017.166545
20595.934584,45.475224,1330.067638
56445.473915,55.661520,6875.579683
60864.321752,44.141298,3704.032126
51231.010426,62.585167,813.027989
41103.136917,63.079507,3644.301903
56267.050821,43.120141,8238.115021
20774.845819,35.588144,1347.331612
46424.221229,59.206106,4087.180707
29909.554000,62.728265,4495.278753
62808.505066,56.771531,6465.750590
41243.805136,52.075268,4161.573148
46089.147886,63.296533,1618.218357
69191.233376,57.385185,6270.574035
60846.665006,32.673395,8974.492021
66558.934369,48.516161,3090.992455
27428.281871,54.327186,1287.632081
60912.798955,60.687364,3870.333893
28127.509453,41.486827,3279.557824
64029.543479,36.157751,1644.339177
61836.735618,29.545487,10971.974636
37005.071847,58.890320,1068.887398
56003.573402,18.250265,3639.900038
58038.926246,54.002126,538.230523
29237.256204,24.597574,23.916428
33265.790546,21.583459,5968.442038
66236.927155,35.919108,2756.972300
41978.712501,52.530102,1603.924862
63453.223130,23.915705,10668.363512
24985.590663,50.132755,2017.139948
53593.113197,62.885810,1428.189214
54179.721866,52.905080,10028.015858
20126.413768,36.460944,1432.355862
51180.839706,56.789911,2875.445230
36455.701506,38.478919,3437.076895
39188.945286,22.399110,3545.162249
47852.926904,38.935939,3295.320061
20014.489470,43.202204,2426.306223
28630.009508,27.291530,4406.995056
66688.913123,48.085270,9690.308798
53226.194407,43.618747,5686.643116
35609.478345,47.886394,2574.093432
64065.682858,43.287673,771.717494
54935.658379,42.954195,7921.830510
67800.581332,28.943297,5035.139378
46893.336710,43.686098,9131.864419
54648.966976,56.490556,10674.770205
31410.507292,36.204573,5797.292398
36989.589541,33.755632,556.555941
33198.128284,30.142012,4285.386912
47704.380825,21.840361,2717.079485
30569.572705,37.477678,4752.557572
61398.687067,63.294404,9008.154521
67750.825994,33.518743,6855.986311
47637.862030,51.051451,6708.673591
38357.517524,25.546308,2548.413916
43156.305274,27.846835,2413.011907
41101.542946,35.654034,5240.114373
59475.497184,36.737130,2628.262124
40708.919410,32.816769,5532.343843
30391.473304,59.264771,2072.634066
46024.144562,24.174516,4318.377722
66529.485215,59.429795,6337.674939
68115.980334,37.291771,7458.559482
38423.084286,29.209119,3676.568354
33227.280183,23.148982,6470.410381
61674.457234,54.829302,4054.551771
26931.068248,41.280604,3668.646773
60040.993842,44.141412,2659.694541
26181.242410,42.663032,2618.973497
61552.217514,61.087612,4042.539734
29705.074725,41.834137,1912.205091
53934.812271,21.474340,2085.817639
23007.387882,48.972524,2296.795327
48552.843409,29.378084,5650.889688
66370.888758,63.113496,5176.361161
49140.269861,43.641162,8832.651707
39684.981799,33.628851,2590.928175
32025.404454,37.506587,217.488528
55568.179458,42.756974,6114.867546
45898.513524,24.663150,5617.178645
39217.909919,30.101420,864.624053
34070.603997,27.294052,1401.685061
66768.361214,49.130875,4255.367636
31400.858429,62.585855,4464.404268
49335.757263,43.628375,2549.620474
51774.052512,47.781841,1508.761776
43064.647347,43.939426,787.047190
41226.134675,49.124152,2155.660059
43044.517776,60.848424,1661.713460
33546.292041,54.698475,5347.295507
69209.330871,26.032850,6284.833573
32291.544548,39.174614,277.387568
66274.072898,21.825604,11576.542237
34102.791203,42.053731,1269.254575
21144.562871,21.355886,703.363923
41049.974591,49.840941,5890.113644
36351.277730,33.863571,6619.832683
63144.459208,32.098674,812.572550
32086.913537,28.410776,6362.390354
28873.167320,62.234747,992.577718
65359.296154,18.605122,7707.240563
49064.288468,43.372345,5636.353440
23763.060563,39.393097,2950.314863
51845.942559,43.419435,8750.832088
67035.326425,46.099210,11276.622541
49240.762501,53.254580,8004.359840
36132.327588,18.713333,3009.397340
67006.806487,36.198003,3692.169172
39453.645614,32.401546,436.935247
52205.607055,24.640144,1135.152226
46319.416799,45.146788,1523.072058
29398.727422,41.412176,4673.766198
31135.607713,19.009671,2457.913690
65603.816758,19.021642,11775.354579
41362.508368,44.363808,607.965612
60302.559000,52.184949,6509.698608
54468.279209,23.876815,68.625456
47683.715778,32.306536,4752.287877
38160.116498,31.328122,3429.901579
22925.812081,34.741044,2547.279742
64087.858812,38.037176,722.519589
65824.515657,40.621920,2643.106432
53451.931539,49.657616,10529.723488
36455.484706,35.260341,2464.162321
39573.341438,29.137026,5785.884275
41052.365785,49.911707,4652.951748
37895.181733,54.515149,6071.340205
44827.233772,56.298495,2639.916846
28341.086772,39.961769,2248.242914
56887.202796,36.417033,10969.596686
25146.595684,21.054199,2890.652793
54739.164519,28.021870,7218.968224
30497.204505,28.476944,4573.594090
25358.897941,41.171794,2220.225600
29993.563301,49.055773,2749.585697
64675.779482,30.515109,4628.603003
56256.038875,22.160503,5452.244532
31702.334299,28.422672,3587.722389
34113.113284,30.833562,6360.154897
44666.012847,54.702523,7548.444373
39421.366835,26.430643,6111.961017
21683.193725,46.027393,339.592269
65697.592839,36.286160,5644.653159
68657.789303,35.764108,2427.949887
66981.412999,27.480955,6678.562800
45971.133495,27.398473,4776.490486
42965.992754,45.195546,8109.051409
50895.810341,18.957002,5556.839870
46175.031939,36.915344,1064.081875
44984.899117,51.747212,4584.611816
66941.864863,22.540736,12380.624707
31022.144847,39.175858,6144.939436
46583.199599,32.704375,6241.270508
56201.841431,43.277520,8346.320922
31587.064865,56.325616,2677.825713
40716.190885,25.805652,2389.700759
64966.065639,28.379294,11495.731102
68503.205890,19.280535,3580.463677
33867.502264,30.157854,5714.026374
54195.015172,39.301748,6649.801459
50565.337092,62.655865,693.196417
57216.101016,31.822328,3554.389365
29849.967144,39.928724,3678.899676
29072.151792,38.475888,1589.438432
29775.142220,21.034972,3327.236235
46672.713144,54.548704,1408.497717
66393.711155,58.612272,9540.416626
29338.256449,25.690129,5120.406797
67289.585683,26.727400,13376.797706
45980.334345,31.948324,5929.098030
34163.625648,45.782718,6617.400172
52216.815802,23.637136,6803.333393
62313.277628,60.917306,925.795592
49205.637099,24.622030,3393.856589
65688.731503,24.564475,3673.870415
43489.828454,51.733790,6501.041226
40966.674527,46.755072,2393.524149
37261.447117,23.718392,2075.519822
58775.403891,45.697217,5673.599822
39395.830412,36.370471,7557.873338
21144.162146,58.392197,987.794146
33126.132719,50.963954,4169.992872
30931.506020,35.882485,1074.787904
31936.942011,59.037128,4087.995048
38157.029676,51.528140,5628.012004
21032.818691,30.082464,4024.089367
50238.532473,34.555201,2567.615154
67346.662462,34.901517,6752.122458
33261.646021,18.229629,586.651096
53113.036095,59.436892,10080.524384
42749.990318,56.419095,4626.538637
42108.199925,26.991351,1020.978164
61344.532208,20.175532,7172.654332
54738.682292,26.771929,6210.728279
69695.150449,26.424483,8418.253160
62507.354775,27.957027,6590.777230
61922.774643,24.808657,1933.082920
58023.723767,42.751839,2785.779563
27010.883768,36.609622,2373.175255
21194.616174,25.913190,1102.848094
68338.097404,34.334471,12840.696710
67772.793681,41.515261,5037.933861
67131.802689,58.062809,2271.404537
33159.217278,42.343178,2135.532137
66087.088471,51.145722,11039.288719
60362.344275,24.694123,10306.705365
54609.465185,18.413736,5618.204570
63637.281831,26.851988,9955.225362
40918.570296,37.185845,3813.699268
51486.130320,33.551030,3955.113351
44896.256486,48.610681,3787.639141
24877.684405,29.823620,1546.422886
52263.355504,34.296092,10161.946675
42775.525507,39.227083,6145.987757
67064.013674,18.176043,8945.289469
50307.944678,51.912932,7207.941173
37432.680959,22.669162,4445.502385
30084.158834,18.450825,737.253724
61427.414643,20.108009,2163.312487
54718.852793,29.524858,2883.284107
47923.575509,57.219069,6931.716435
22880.727604,18.428868,1909.215139
46118.550100,23.974001,2728.311486
35082.385694,41.153689,2918.477721
38387.322279,30.076034,6453.507839
57413.572241,43.911951,9421.298413
28198.097337,62.437716,4370.793619
50117.857037,32.827284,3599.068821
34876.332926,53.415697,3102.347059
64126.491679,19.297854,4956.941565
41916.692681,48.148708,6106.109586
50052.292929,27.482235,5589.328271
39158.917514,41.296782,6887.738421
62219.037539,19.523983,5831.521429
67151.318612,51.655099,3941.698673
46166.163129,25.996121,901.753118
23881.786508,32.893710,1190.630105
48445.113124,38.979568,8733.442215
32441.652012,58.709557,840.714207
33820.186513,61.050884,4342.178111
61812.901350,52.961988,3124.312409
25347.572663,61.645395,2188.503086
33965.523709,43.912746,3123.898738
23641.702677,56.813603,4203.503560
50660.904245,52.168664,7511.003494
44037.243985,58.440507,5269.518403
51657.123961,35.414698,609.350886
46573.244378,53.110794,5533.292189
26922.462222,44.155571,3950.000790
48414.251539,21.953590,2105.709505
43974.840529,47.432411,8371.493105
65913.832006,22.789052,12972.418363
64715.998974,60.939410,11173.808452
25481.987912,48.362293,4005.816148
54170.532611,37.441051,1048.932372
51653.704739,19.877512,1853.419156
66054.506232,39.077139,10321.098701
60019.447135,19.382415,6978.347128
31523.952859,62.274923,5697.021469
65660.948544,22.194990,93.152642
61893.483640,19.179906,6038.162662
49230.098205,47.846115,8375.729867
38337.829469,55.506953,5691.093490
64016.433391,44.276950,10048.394210
46308.645157,40.706462,6815.485141
66209.144266,45.188194,7134.656119
47770.711423,33.949366,5366.868793
29856.486320,18.055874,4731.816864
21451.497292,52.184020,1719.038044
59673.170447,57.286671,7533.679839
47481.429640,20.495222,9402.876118
36219.772911,56.838901,4280.794199
59458.704344,56.430175,1513.327637
67010.840976,51.522296,11646.910606
58693.419425,27.176285,4033.153519
43041.041393,46.998457,2245.505278
31920.412723,52.159060,217.187962
32771.125406,58.932585,1853.681970
55487.147130,32.102719,178.692472
68406.807170,46.056273,2491.460861
37277.123057,28.354908,4242.640648
39762.526581,25.669950,3809.347155
41674.243140,54.658334,3203.204656
25789.742025,45.316211,4442.331780
24575.059889,36.690029,1667.748767
58082.360104,60.156327,9175.667318
67881.880496,53.260112,10503.571253
50115.054897,26.778978,3447.002152
40443.203626,33.659299,1857.252327
65824.837382,19.673241,154.945616
51199.869839,22.403577,4064.818093
67032.289463,44.326167,5487.820266
42205.682902,23.434905,2444.737196
37730.362108,52.429881,5273.559352
47398.311044,50.173427,9041.878835
48933.209693,50.065783,5071.371891
53078.855835,49.176190,10566.353869
53236.992999,57.932612,703.602198
58121.954689,58.363809,5161.107409
57261.151394,40.232559,2527.755923
52102.590904,19.372465,8799.819842
45165.925955,37.900004,5534.550798
58809.292472,37.459189,5470.587846
36598.340473,41.962130,6849.294810
62096.282612,25.023432,8034.747774
68114.070983,47.195194,4325.099268
67978.466854,23.456651,7382.502551
26615.524297,53.350322,3458.193614
51254.370010,50.649407,8747.208629
34428.972639,27.368410,6016.615091
60974.587144,33.895749,6165.658820
63330.734549,30.230244,5170.899852
58168.474066,27.471521,2935.367657
59579.609211,51.130214,2319.362857
52219.895499,47.679868,6560.469542
28700.872585,28.797042,5090.310491
27193.743053,21.409596,4518.858351
67417.571000,29.910984,6478.402532
57341.432774,23.478498,784.894857
64056.536118,48.869063,5982.805039
66370.693506,38.405505,5906.034309
45045.431650,58.623695,8489.405985
58609.131484,22.097580,4270.532996
53289.067971,32.300207,7395.513416
60309.328830,34.379055,2343.073833
45139.486394,19.617209,1743.691464
22815.640613,61.726565,2749.079844
45215.014687,27.838848,383.850167
40568.075182,35.941466,5990.318608
43721.251811,55.127708,5923.392464
38129.754870,19.084410,3964.729278
22547.961636,57.626413,2957.295712
57468.059442,62.265046,8452.955624
25534.673517,37.871756,1084.966942
26325.503392,56.350278,3336.131472
65913.830842,36.477758,11738.915705
67119.135957,18.055189,2725.240313
62020.468134,56.653537,114.209888
37965.849338,27.828580,299.054706
62114.856024,30.749477,12115.892311
36871.061758,46.034362,792.711054
65030.909346,36.700691,2231.976166
23193.604597,41.936057,548.596116
59568.624320,40.558919,7685.326744
50527.584173,26.652963,5639.245689
60776.110208,34.206942,10382.439679
61632.282711,34.430809,3028.591328
45930.452649,49.991331,7765.252827
25857.765593,41.758354,1810.232339
55093.921225,55.176083,6485.301590
42301.334480,19.503436,1480.614890
51903.534255,59.762662,8807.867971
64398.146158,35.597540,1674.905633
41089.510829,57.627417,997.184169
36727.550898,24.597318,794.556818
38163.394544,63.251652,454.307677
35949.896409,56.738746,3680.177028
44979.802186,32.531902,6045.089487
48211.581835,30.557344,2606.124698
28267.089946,54.646277,965.373227
33816.223340,60.248191,5265.743252
33078.995980,36.327200,6278.316279
36019.817197,42.845666,2987.962123
34238.530293,63.434188,6002.935110
62064.520682,22.825857,2972.381023
44867.615243,55.812753,366.101104
37162.888218,28.876607,3110.531147
65680.948021,62.779427,8838.231305
58772.857480,46.505038,7048.005343
32435.248110,43.066264,5685.405228
58028.213196,50.095482,5753.895027
60595.275327,62.220709,4534.490222
36565.803892,19.899402,1888.334736
20742.696971,61.598421,2295.818094
46666.638011,18.745576,7677.823856
32203.566940,61.167571,838.021441
36535.315395,29.874892,271.725188
28163.295069,58.003529,2121.151956
39019.357744,31.792709,3196.559769
24709.083249,54.745204,1915.385594
43052.968562,31.526854,488.937273
25003.916111,53.411578,2183.713426
46696.892665,34.199782,4732.498144
50112.462200,41.304637,5067.032925
43265.900323,44.743310,6194.072050
67802.694456,49.037987,13443.473176
55408.705950,43.322807,10300.281248
67048.893000,55.053041,10839.913760
40262.597641,51.798858,6535.851950
46427.499182,61.846535,5671.450560
46911.197102,23.430981,4263.853588
57359.552435,34.795263,10011.410682
34569.304639,63.640652,6254.527617
52797.401038,21.127010,1080.423490
56630.395264,57.973161,8442.891373
45245.739752,35.824443,1974.009904
20803.614536,61.892250,758.434849
57717.606791,48.797813,3153.222829
20647.887646,20.321646,725.456869
59046.457154,36.827120,8237.046829
62662.258830,25.298865,1965.921357
33614.494610,46.473082,4837.787511
48765.128867,50.070417,5183.859126
57240.756943,41.571391,313.627942
49973.666463,43.918615,363.899917
41255.939687,45.583265,5296.907773
61129.723156,35.109178,11302.767687
48938.583436,59.707924,3028.834619
68648.241395,27.920010,9425.707309
41250.828542,39.078183,7651.577272
22415.654762,40.687298,4371.715441
24112.499394,35.971338,3285.499948
41692.605177,62.121250,1708.712503
23516.727698,27.362695,559.905323
53812.226483,44.919152,3245.041667
29750.294802,45.544455,3627.987077
22633.676922,37.596930,553.520859
28713.830519,54.700846,1936.813257
63321.909267,19.487915,8092.982780
35276.587987,28.572133,6820.315404
35914.609306,60.805091,520.996033
31568.144325,63.863985,5067.410013
39934.067491,31.607967,184.744302
48614.849679,61.301293,5984.950784
29838.124807,25.895084,5913.649556
57745.358876,36.729610,5540.464047
44447.529297,32.718134,2714.403108
51768.005341,30.544511,6632.036203
34891.140442,55.048935,6152.314492
45382.807897,42.516345,2742.454975
40719.490317,22.926914,6415.086244
55145.785008,57.882459,8968.678877
48752.424079,30.763361,8934.785761
55763.427417,30.585448,7913.837734
36431.161412,46.452797,6783.361363
40522.828284,63.887141,7720.780489
42465.669748,58.016570,7314.976322
38561.944040,45.879831,4831.111171
54957.449674,59.506367,6976.463275
24822.069837,29.020379,2361.166802
25252.487736,23.788304,434.867452
25671.742582,18.746456,2272.147620
60672.145586,43.055909,6279.687007
60729.949239,40.773502,5006.850087
40240.727556,26.959005,7498.630447
57513.817463,33.092020,6921.491029
64287.397631,45.883906,6301.594778
48428.033646,33.932393,7718.479795
55313.832248,25.212565,9733.113189
27045.399572,50.221201,2503.788400
58216.071983,27.404481,9581.833306
34722.964831,22.223387,4073.411901
58503.771008,42.372513,7050.432526
55299.787240,62.193148,8052.381283
49501.905921,50.788112,2226.819580
61765.709035,59.955873,3649.643103
48430.993669,18.508094,6069.649094
66366.957424,41.576170,465.011566
55320.780007,29.417216,5990.716973
48774.288157,62.840849,3728.483342
61679.953155,24.191426,3060.030168
61485.179600,60.188200,3211.670281
24402.440169,52.027597,101.218538
21258.902776,54.224563,706.619739
48763.680544,28.060295,8172.052504
24406.893812,37.905318,1733.403111
61693.586309,25.684226,1568.863689
22748.033043,26.940717,108.629911
21479.946717,24.314281,1098.073365
51286.656403,45.859827,1134.234384
27153.663924,48.818033,3177.517372
36370.493977,39.670789,2855.216100
32400.544959,61.679239,3591.797505
60434.164426,63.218616,2474.248112
57303.479761,52.155366,10491.632151
42994.682239,36.425611,4453.824617
68339.807941,23.365324,2505.868398
49292.303137,20.622327,967.134588
57802.429695,43.041729,6796.590935
50779.380794,39.435915,6859.836596
35993.989760,53.939021,93.895805
21771.129342,33.687779,350.445548
61414.801264,56.889189,9743.609259
35784.663486,46.547870,110.202891
24791.186703,39.643271,4844.680983
49048.757360,52.051794,6363.113668
69852.058722,62.202313,9246.265058
21217.747456,21.365687,2690.768134
48031.067410,43.670164,7826.325909
64072.313223,61.158399,2426.008622
56689.463898,41.003400,5740.591698
45769.259525,55.827197,8236.476519
35020.488773,24.991910,6832.803042
56751.928506,59.204425,7877.330041
27363.631797,44.386421,3215.263093
48455.717408,27.476268,1780.507334
21424.091333,36.918438,1795.223958
69992.332712,41.771231,52.872190
68110.239953,32.171575,11029.667710
48015.554743,28.241796,54.008242
23102.217789,35.761683,1779.574528
46134.854136,54.865446,8716.611259
48547.961381,56.641474,1940.870699
26095.026911,58.102091,5143.490416
64057.844789,59.858435,5774.281958
24454.190622,52.390862,864.968738
40506.944007,52.241514,5961.531816
43421.045742,27.217440,4705.757083
55881.541797,33.306685,8383.074165
45917.600689,45.157121,8253.273858
52901.909540,60.261359,729.377377
41183.824656,56.032365,7606.993239
25379.915482,24.929087,4693.111697
27514.088473,36.278684,192.144611
44241.283000,19.982539,8733.179295
29076.337714,41.222463,286.264434
60536.912868,32.326175,3132.551831
47881.955996,38.099812,5575.635648
49144.371056,51.893820,1633.035780
33707.801036,59.917644,321.578931
46442.282787,28.845958,1484.561548
25602.957250,28.446377,2214.922493
61236.396076,36.001692,6562.903837
48187.347879,55.533010,2003.411850
29933.201934,18.659021,5953.521871
41027.907357,44.771935,4369.218876
49990.660108,45.542755,1896.754994
59792.508585,24.187499,660.241453
35879.519994,41.072935,5335.403499
29102.221718,27.129233,1890.447478
30047.819407,51.077325,5768.742735
59299.162722,36.984277,4944.056264
64484.014797,33.099424,1391.601802
36352.422291,43.718864,6239.247526
66034.754300,60.726295,3913.782124
51650.271371,40.105057,3743.003437
31898.159911,41.317159,2015.182969
58780.233497,18.701734,5029.707636
67754.104668,42.980785,2989.950997
48500.268154,61.304800,7054.606149
55704.798158,48.516619,5594.332971
50458.958203,52.314565,9852.889427
48263.003426,28.549605,7798.793463
38755.162705,56.355427,4244.498033
68131.664295,57.405258,7813.239830
28991.423936,37.165157,1249.347564
35108.557953,40.743413,4002.991276
28858.598873,23.694590,3764.815174
22800.796775,28.198257,3740.900936
29572.975896,39.230478,5006.253823
21982.017374,34.915516,4265.173704
45576.838362,38.671050,4952.653346
55068.668937,51.757360,4852.766598
56441.016244,43.206991,9043.756044
68047.925311,47.694520,4023.064765
36275.735863,30.308184,644.384195
52389.366848,54.969313,10398.820592
23678.376111,47.466485,1779.814597
37707.642948,31.344048,268.290971
57753.568962,54.235915,5067.449964
30529.963288,47.604402,6046.840845
44022.268737,31.192627,1707.672870
58533.884683,40.518963,7832.443321
33702.531834,48.148404,922.036590
40236.872067,52.580773,4354.314412
62619.155988,43.999461,3959.611772
50738.362193,45.993199,9719.562798
64466.760138,33.327144,8537.369666
64636.402186,60.886966,2583.106425
22371.522191,39.142225,2291.856428
67994.988470,38.622259,7289.014109
49640.004702,20.542409,5760.858734
42067.246446,24.270612,4601.606183
43662.092688,25.252609,7269.596897
34237.575419,34.101654,2658.090632
26300.446554,45.539385,2317.393678
30803.806165,23.250084,623.024153
54421.410155,26.821928,3273.631823
24254.700791,37.751622,2225.284643
59221.044874,48.518179,1926.729397
69516.127573,23.162104,3503.176156
44311.449262,28.017167,5522.786693
43756.056605,63.971796,1622.722598
69436.579552,56.152617,7378.833599
